3201.18	42.1119
3200.58	16.8448
3199.99	8.42111
3199.4	42.0992
3198.8	16.8371
3198.21	16.8346
3197.61	54.7042
3197.02	42.0738
3196.42	25.2405
3195.83	46.2672
3195.24	29.4383
3194.64	33.6387
3194.05	54.6546
3193.45	50.4428
3192.86	33.6234
3192.26	21.0115
3191.67	29.4116
3191.07	16.8041
3190.48	33.6031
3189.88	33.598
3189.29	37.7921
3188.69	20.9924
3188.1	41.9785
3187.5	33.5777
3186.9	8.39316
3186.31	33.5676
3185.71	20.9766
3185.12	8.38936
3184.52	50.3285
3183.92	37.7407
3183.33	33.5422
3182.73	8.38428
3182.14	20.9575
3181.54	29.3361
3180.94	50.2829
3180.35	54.4649
3179.75	33.5118
3179.15	62.8251
3178.55	25.1262
3177.96	29.3095
3177.36	33.4915
3176.76	25.1148
3176.17	50.222
3175.57	41.8454
3174.97	12.5517
3174.37	37.6494
3173.78	37.6437
3173.18	41.82
3172.58	12.5441
3171.98	41.8074
3171.38	33.4408
3170.79	41.7947
3170.19	25.073
3169.59	20.891
3168.99	37.5982
3168.39	41.7694
3167.79	41.7631
3167.19	45.9325
3166.6	50.1005
3166	54.2674
3165.4	37.564
3164.8	45.9046
3164.2	58.4152
3163.6	0
3163	16.685
3162.4	29.1943
3161.8	54.2099
3161.2	41.6936
3160.6	25.0124
3160	79.1938
3159.4	25.0048
3158.8	45.8351
3158.2	33.3296
3157.6	58.318
3157	62.4741
3156.4	29.1501
3155.8	49.9641
3155.2	41.6304
3154.6	45.7865
3154	20.8089
3153.4	37.4504
3152.8	33.2842
3152.2	29.1192
3151.6	70.7074
3151	45.7449
3150.39	45.738
3149.79	29.1016
3149.19	24.9404
3148.59	4.15611
3147.99	41.5548
3147.39	29.0839
3146.78	29.0795
3146.18	41.5359
3145.58	58.1414
3144.98	49.8279
3144.38	16.6068
3143.77	24.9064
3143.17	37.3539
3142.57	45.6479
3141.97	37.3426
3141.36	29.0398
3140.76	37.3313
3140.16	37.3256
3139.56	24.88
3138.95	41.4603
3138.35	53.8902
3137.75	37.3029
3137.14	70.4504
3136.54	37.2916
3135.94	33.1431
3135.33	37.2803
3134.73	12.4249
3134.13	37.269
3133.52	41.4037
3132.92	28.9782
3132.31	33.1129
3131.71	37.2464
3131.11	62.0678
3130.5	49.6467
3129.9	41.366
3129.29	57.9036
3128.69	70.3008
3128.08	57.886
3127.48	53.7431
3126.87	62.0019
3126.27	66.1253
3125.66	24.7932
3125.06	53.7105
3124.45	70.2261
3123.85	70.2154
3123.24	74.3345
3122.64	53.6778
3122.03	49.5412
3121.43	61.9171
3120.82	53.6534
3120.21	53.6452
3119.61	16.5037
3119	33.0024
3118.4	45.3714
3117.79	70.1088
3117.18	57.7279
3116.58	65.9647
3115.97	28.8552
3115.36	20.6077
3114.76	41.2091
3114.15	49.4434
3113.54	45.3163
3112.94	24.7142
3112.33	61.7761
3111.72	37.06
3111.12	37.0544
3110.51	82.3306
3109.9	49.3908
3109.29	37.0375
3108.69	61.7198
3108.08	37.0262
3107.47	82.268
3106.86	61.6916
3106.26	49.3458
3105.65	49.3383
3105.04	41.109
3104.43	53.4335
3103.82	28.7675
3103.21	73.9623
3102.61	57.5175
3102	94.4787
3101.39	65.7143
3100.78	69.8108
3100.17	57.4825
3099.56	90.3159
3098.95	73.8836
3098.34	82.0804
3097.73	61.5509
3097.12	86.1581
3096.52	69.7364
3095.91	61.5228
3095.3	73.8161
3094.69	69.7046
3094.08	73.7936
3093.47	90.1785
3092.86	73.7711
3092.25	65.5644
3091.64	57.3601
3091.03	65.5444
3090.42	86.0139
3089.81	61.4291
3089.19	94.177
3088.58	106.445
3087.97	77.7747
3087.36	73.6701
3086.75	85.9353
3086.14	73.6476
3085.53	85.9091
3084.92	98.1669
3084.31	89.9726
3083.7	94.0479
3083.08	65.4147
3082.47	81.7559
3081.86	94.0049
3081.25	110.337
3080.64	106.234
3080.03	114.388
3079.41	77.6089
3078.8	122.522
3078.19	110.253
3077.58	65.325
3076.96	89.8081
3076.35	97.9576
3075.74	118.347
3075.13	126.49
3074.51	110.152
3073.9	122.372
3073.29	167.217
3072.67	110.101
3072.06	154.934
3071.45	105.991
3070.83	142.659
3070.22	97.8082
3069.61	134.466
3068.99	158.89
3068.38	126.278
3067.77	150.696
3067.15	146.6
3066.54	126.22
3065.92	134.343
3065.31	207.589
3064.7	134.302
3064.08	146.489
3063.47	113.918
3062.85	162.715
3062.24	162.691
3061.62	117.933
3061.01	162.641
3060.39	138.224
3059.78	162.591
3059.16	121.925
3058.55	142.224
3057.93	134.076
3057.32	154.367
3056.7	105.604
3056.09	113.71
3055.47	97.4505
3054.85	121.795
3054.24	121.776
3053.62	142.05
3053.01	121.739
3052.39	93.3187
3051.77	121.701
3051.16	117.627
3050.54	109.498
3049.93	133.81
3049.31	105.41
3048.69	117.555
3048.07	109.431
3047.46	105.362
3046.84	121.553
3046.22	117.483
3045.61	121.516
3044.99	149.846
3044.37	113.38
3043.75	125.509
3043.14	109.297
3042.52	84.9959
3041.9	97.1233
3041.28	89.0161
3040.67	105.185
3040.05	97.0788
3039.43	105.153
3038.81	109.18
3038.19	72.7757
3037.57	117.232
3036.96	97.0046
3036.34	105.072
3035.72	117.178
3035.1	109.08
3034.48	80.7877
3033.86	129.24
3033.24	113.068
3032.62	100.938
3032	84.7751
3031.38	117.053
3030.77	125.106
3030.15	121.052
3029.53	64.5511
3028.91	112.947
3028.29	96.7969
3027.67	153.238
3027.05	84.6714
3026.43	96.7525
3025.81	96.7377
3025.19	108.813
3024.57	124.915
3023.94	88.6355
3023.32	88.6219
3022.7	112.774
3022.08	132.892
3021.46	144.951
3020.84	152.98
3020.22	144.907
3019.6	120.737
3018.98	120.719
3018.36	136.793
3017.73	104.591
3017.11	120.663
3016.49	100.537
3015.87	116.605
3015.25	120.608
3014.63	152.746
3014	156.742
3013.38	116.534
3012.76	124.551
3012.14	104.446
3011.51	148.613
3010.89	164.654
3010.27	136.521
3009.65	124.456
3009.02	136.479
3008.4	156.526
3007.78	124.399
3007.15	88.2695
3006.53	148.43
3005.91	124.342
3005.29	96.2497
3004.66	136.333
3004.04	184.422
3003.41	112.24
3002.79	124.246
3002.17	128.235
3001.54	128.215
3000.92	128.195
3000.29	152.208
2999.67	176.214
2999.05	128.136
2998.42	140.127
2997.8	120.091
2997.17	168.101
2996.55	132.059
2995.92	136.04
2995.3	136.019
2994.67	159.998
2994.05	123.98
2993.42	127.959
2992.8	159.925
2992.17	135.915
2991.55	167.869
2990.92	115.892
2990.3	151.835
2989.67	175.782
2989.04	135.811
2988.42	159.753
2987.79	191.674
2987.17	167.689
2986.54	139.719
2985.91	159.655
2985.29	199.538
2984.66	167.586
2984.03	155.592
2983.41	187.479
2982.78	155.544
2982.15	175.458
2981.53	195.367
2980.9	191.35
2980.27	179.363
2979.64	199.262
2979.02	199.231
2978.39	250.993
2977.76	231.037
2977.13	207.105
2976.51	223.002
2975.88	222.968
2975.25	266.724
2974.62	258.722
2973.99	246.743
2973.37	230.789
2972.74	298.388
2972.11	278.452
2971.48	266.478
2970.85	226.67
2970.22	250.492
2969.59	306.109
2968.96	302.087
2968.34	298.067
2967.71	290.074
2967.08	321.813
2966.45	309.846
2965.82	270.081
2965.19	274.011
2964.56	289.851
2963.93	250.107
2963.3	321.516
2962.67	357.185
2962.04	341.258
2961.41	388.815
2960.78	372.888
2960.15	360.932
2959.52	313.288
2958.89	372.716
2958.26	325.085
2957.63	340.89
2957	376.507
2956.37	372.486
2955.73	360.543
2955.1	404.063
2954.47	368.353
2953.84	368.297
2953.21	407.836
2952.58	403.814
2951.95	419.585
2951.31	427.436
2950.68	395.713
2950.05	435.217
2949.42	415.371
2948.79	431.128
2948.15	395.469
2947.52	458.674
2946.89	454.65
2946.26	482.25
2945.63	422.891
2944.99	486.053
2944.36	466.223
2943.73	481.952
2943.09	477.928
2942.46	466.007
2941.83	544.907
2941.19	509.291
2940.56	493.423
2939.93	556.496
2939.29	520.894
2938.66	465.576
2938.03	528.624
2937.39	516.709
2936.76	552.123
2936.13	520.493
2935.49	583.493
2934.86	642.532
2934.22	547.841
2933.59	567.46
2932.95	567.373
2932.32	583.043
2931.68	622.342
2931.05	602.555
2930.41	630.025
2929.78	610.243
2929.14	677.068
2928.51	629.734
2927.87	700.471
2927.24	621.67
2926.6	668.782
2925.97	637.212
2925.33	644.979
2924.7	656.676
2924.06	609.396
2923.42	676.128
2922.79	691.746
2922.15	687.709
2921.52	711.178
2920.88	652.14
2920.24	608.832
2919.61	600.883
2918.97	612.57
2918.33	581.067
2917.7	565.275
2917.06	580.887
2916.42	596.495
2915.79	549.318
2915.15	623.772
2914.51	553.071
2913.87	560.829
2913.24	556.821
2912.6	627.308
2911.96	599.77
2911.32	548.724
2910.68	568.234
2910.05	591.656
2909.41	509.294
2908.77	603.224
2908.13	548.301
2907.49	583.458
2906.85	508.979
2906.22	571.534
2905.58	528.392
2904.94	555.704
2904.3	543.88
2903.66	524.234
2903.02	492.861
2902.38	539.716
2901.74	512.26
2901.1	527.82
2900.46	512.102
2899.82	508.114
2899.18	480.68
2898.54	464.976
2897.9	492.251
2897.26	480.457
2896.62	484.288
2895.98	449.069
2895.34	476.329
2894.7	441.122
2894.06	460.57
2893.42	444.888
2892.78	413.604
2892.14	397.935
2891.5	390.072
2890.86	401.712
2890.22	370.453
2889.58	347.003
2888.94	378.135
2888.29	342.997
2887.65	311.768
2887.01	354.581
2886.37	311.671
2885.73	338.89
2885.09	327.153
2884.44	389.408
2883.8	412.709
2883.16	358.144
2882.52	377.55
2881.87	350.25
2881.23	400.78
2880.59	357.923
2879.95	350.087
2879.3	392.815
2878.66	381.088
2878.02	353.813
2877.38	361.533
2876.73	345.93
2876.09	341.99
2875.45	334.165
2874.8	415.699
2874.16	403.982
2873.51	318.475
2872.87	341.725
2872.23	337.789
2871.58	353.265
2870.94	310.514
2870.29	329.87
2869.65	329.819
2869.01	279.333
2868.36	314.201
2867.72	314.152
2867.07	314.104
2866.43	290.792
2865.78	244.227
2865.14	275.197
2864.49	294.532
2863.85	317.735
2863.2	364.176
2862.56	329.257
2861.91	305.968
2861.27	290.431
2860.62	255.54
2859.97	255.5
2859.33	220.625
2858.68	282.511
2858.04	239.903
2857.39	282.423
2856.74	201.147
2856.1	235.924
2855.45	189.483
2854.8	239.717
2854.16	228.083
2853.51	220.317
2852.86	193.23
2852.22	235.705
2851.57	231.805
2850.92	235.631
2850.27	227.87
2849.63	204.665
2848.98	162.162
2848.33	200.741
2847.68	208.43
2847.04	177.524
2846.39	196.789
2845.74	185.185
2845.09	173.584
2844.44	231.409
2843.8	208.236
2843.15	185.07
2842.5	173.476
2841.85	158.031
2841.2	211.96
2840.55	131.01
2839.9	169.515
2839.26	196.453
2838.61	165.611
2837.96	180.989
2837.31	177.111
2836.66	142.436
2836.01	161.659
2835.36	177.028
2834.71	169.305
2834.06	165.431
2833.41	153.866
2832.76	103.843
2832.11	107.672
2831.46	126.88
2830.81	149.926
2830.16	161.433
2829.51	161.408
2828.86	161.383
2828.21	161.358
2827.56	157.492
2826.9	142.104
2826.25	145.922
2825.6	145.9
2824.95	172.749
2824.3	138.178
2823.65	141.994
2823	141.972
2822.35	134.277
2821.69	126.584
2821.04	126.564
2820.39	126.545
2819.74	149.53
2819.09	157.173
2818.43	137.984
2817.78	134.131
2817.13	103.456
2816.48	111.102
2815.82	126.407
2815.17	141.707
2814.52	134.026
2813.87	126.348
2813.21	126.328
2812.56	130.136
2811.91	103.327
2811.25	122.443
2810.6	133.901
2809.95	149.181
2809.29	133.859
2808.64	145.31
2807.98	95.5841
2807.33	118.506
2806.68	145.243
2806.02	133.755
2805.37	149.018
2804.71	156.636
2804.06	126.053
2803.4	145.129
2802.75	126.014
2802.09	114.54
2801.44	125.974
2800.78	164.123
2800.13	129.751
2799.47	144.994
2798.82	148.786
2798.16	156.392
2797.51	125.857
2796.85	118.211
2796.2	129.63
2795.54	121.986
2794.88	137.213
2794.23	133.38
2793.57	152.411
2792.92	140.958
2792.26	152.363
2791.6	144.723
2790.95	156.124
2790.29	178.943
2789.63	148.462
2788.98	133.214
2788.32	152.221
2787.66	159.807
2787.01	167.391
2786.35	174.972
2785.69	140.716
2785.03	155.905
2784.38	159.682
2783.72	159.657
2783.06	110.222
2782.4	155.807
2781.75	170.981
2781.09	193.749
2780.43	140.541
2779.77	155.71
2779.11	144.294
2778.45	136.678
2777.8	129.065
2777.14	140.431
2776.48	170.768
2775.82	182.124
2775.16	151.746
2774.5	185.86
2773.84	163.076
2773.18	170.635
2772.52	151.652
2771.86	155.419
2771.2	151.604
2770.54	162.949
2769.88	155.346
2769.22	181.84
2768.56	155.297
2767.9	166.634
2767.24	136.316
2766.58	155.224
2765.92	147.629
2765.26	158.961
2764.6	174.073
2763.94	174.045
2763.28	147.537
2762.62	155.079
2761.96	189.091
2761.3	158.812
2760.64	158.787
2759.97	128.522
2759.31	173.855
2758.65	154.933
2757.99	128.461
2757.33	143.552
2756.67	139.752
2756	147.284
2755.34	139.709
2754.68	177.44
2754.02	150.989
2753.36	150.966
2752.69	177.357
2752.03	162.237
2751.37	162.212
2750.7	147.099
2750.04	188.559
2749.38	143.283
2748.72	162.11
2748.05	173.393
2747.39	124.371
2746.73	184.644
2746.06	150.706
2745.4	135.614
2744.73	161.958
2744.07	158.167
2743.41	176.968
2742.74	143.059
2742.08	173.149
2741.41	206.994
2740.75	173.095
2740.09	173.068
2739.42	142.947
2738.76	127.879
2738.09	150.423
2737.43	210.559
2736.76	157.895
2736.1	127.799
2735.43	172.878
2734.77	180.366
2734.1	135.253
2733.43	150.258
2732.77	191.549
2732.1	165.232
2731.44	142.678
2730.77	157.672
2730.11	198.936
2729.44	210.163
2728.77	157.598
2728.11	187.587
2727.44	168.802
2726.77	142.522
2726.11	157.499
2725.44	176.221
2724.77	134.957
2724.11	183.663
2723.44	198.624
2722.77	164.87
2722.1	157.351
2721.44	153.58
2720.77	172.283
2720.1	153.532
2719.43	160.996
2718.77	164.715
2718.1	183.403
2717.43	175.89
2716.76	179.604
2716.09	179.576
2715.43	183.288
2714.76	205.7
2714.09	160.794
2713.42	175.724
2712.75	145.791
2712.08	183.145
2711.41	142.008
2710.74	127.04
2710.08	175.587
2709.41	145.677
2708.74	194.205
2708.07	179.238
2707.4	141.874
2706.73	156.784
2706.06	153.027
2705.39	149.271
2704.72	171.635
2704.05	223.836
2703.38	179.041
2702.71	175.283
2702.04	178.985
2701.37	156.587
2700.7	137.924
2700.03	178.9
2699.35	171.419
2698.68	145.311
2698.01	156.464
2697.34	163.889
2696.67	186.208
2696	156.39
2695.33	126.582
2694.66	171.231
2693.98	160.038
2693.31	167.456
2692.64	186.033
2691.97	171.123
2691.3	159.938
2690.62	167.351
2689.95	126.423
2689.28	126.403
2688.61	178.423
2687.93	141.229
2687.26	148.639
2686.59	200.631
2685.91	185.74
2685.24	167.14
2684.57	170.827
2683.9	152.235
2683.22	196.761
2682.55	159.611
2681.87	144.741
2681.2	152.139
2680.53	174.376
2679.85	189.187
2679.18	159.486
2678.5	166.877
2677.83	185.39
2677.16	181.654
2676.48	174.212
2675.81	140.83
2675.13	155.63
2674.46	185.244
2673.78	155.581
2673.11	151.852
2672.43	170.344
2671.76	177.722
2671.08	203.608
2670.41	185.069
2669.73	166.536
2669.06	170.21
2668.38	166.484
2667.7	155.36
2667.03	155.336
2666.35	177.499
2665.68	170.076
2665	181.139
2664.32	199.592
2663.65	177.387
2662.97	140.409
2662.29	162.553
2661.62	192.078
2660.94	180.968
2660.26	188.325
2659.59	177.219
2658.91	169.808
2658.23	166.091
2657.55	180.826
2656.88	191.866
2656.2	173.39
2655.52	184.429
2654.84	191.776
2654.16	188.058
2653.49	210.149
2652.81	176.94
2652.13	162.169
2651.45	173.199
2650.77	191.594
2650.09	154.725
2649.42	176.8
2648.74	139.945
2648.06	176.745
2647.38	202.488
2646.7	173.008
2646.02	209.785
2645.34	191.353
2644.66	183.964
2643.98	231.758
2643.3	183.906
2642.62	172.844
2641.94	213.263
2641.26	194.848
2640.58	169.086
2639.9	180.085
2639.22	194.756
2638.54	209.421
2637.86	176.327
2637.18	157.934
2636.5	165.254
2635.82	209.289
2635.14	190.9
2634.46	165.176
2633.78	194.51
2633.09	157.785
2632.41	198.117
2631.73	209.091
2631.05	187.051
2630.37	201.69
2629.69	186.992
2629	201.627
2628.32	172.272
2627.64	197.898
2626.96	208.859
2626.28	205.163
2625.59	164.837
2624.91	190.448
2624.23	208.727
2623.54	197.71
2622.86	190.358
2622.18	204.968
2621.5	197.617
2620.81	201.244
2620.13	197.554
2619.45	201.181
2618.76	186.52
2618.08	182.834
2617.39	171.837
2616.71	215.676
2616.03	175.437
2615.34	200.99
2614.66	182.689
2613.97	168.048
2613.29	211.853
2612.6	215.471
2611.92	200.831
2611.24	171.592
2610.55	237.271
2609.87	171.538
2609.18	211.651
2608.5	226.212
2607.81	215.233
2607.12	189.666
2606.44	211.518
2605.75	175.021
2605.07	200.513
2604.38	218.707
2603.7	182.227
2603.01	225.926
2602.32	204.03
2601.64	211.283
2600.95	211.25
2600.26	152.95
2599.58	203.901
2598.89	174.744
2598.2	203.836
2597.52	225.64
2596.83	203.772
2596.14	218.292
2595.46	225.533
2594.77	207.312
2594.08	207.279
2593.39	181.795
2592.71	218.119
2592.02	181.737
2591.33	207.148
2590.64	210.748
2589.95	188.917
2589.27	214.314
2588.58	210.648
2587.89	214.246
2587.2	235.996
2586.51	217.808
2585.82	221.403
2585.13	232.255
2584.44	228.59
2583.76	246.693
2583.07	224.89
2582.38	203.094
2581.69	199.436
2581	217.532
2580.31	181.248
2579.62	213.839
2578.93	228.3
2578.24	264.496
2577.55	210.114
2576.86	210.081
2576.17	235.398
2575.48	249.845
2574.79	217.222
2574.1	253.385
2573.41	267.822
2572.71	235.212
2572.02	227.938
2571.33	224.284
2570.64	224.249
2569.95	202.515
2569.26	249.488
2568.57	227.757
2567.88	234.95
2567.18	220.457
2566.49	242.103
2565.8	187.871
2565.11	242.026
2564.42	220.317
2563.72	299.728
2563.03	213.026
2562.34	205.772
2561.65	238.224
2560.95	230.969
2560.26	245.365
2559.57	205.641
2558.87	288.573
2558.18	248.855
2557.49	191.119
2556.79	237.959
2556.1	212.687
2555.41	241.488
2554.71	302.713
2554.02	252.221
2553.33	201.745
2552.63	248.539
2551.94	234.093
2551.24	223.254
2550.55	241.219
2549.85	233.982
2549.16	237.544
2548.47	208.717
2547.77	251.86
2547.08	248.223
2546.38	215.811
2545.69	222.97
2544.99	230.126
2544.29	244.47
2543.6	226.458
2542.9	301.896
2542.21	208.419
2541.51	255.093
2540.82	262.237
2540.12	251.42
2539.42	211.877
2538.73	283.655
2538.03	226.17
2537.33	269.207
2536.64	236.864
2535.94	226.062
2535.24	290.605
2534.55	240.338
2533.85	222.367
2533.15	215.16
2532.46	233.053
2531.76	250.94
2531.06	250.9
2530.36	240.109
2529.67	229.321
2528.97	229.285
2528.27	265.068
2527.57	239.956
2526.87	243.499
2526.18	247.04
2525.48	264.899
2524.78	250.541
2524.08	279.129
2523.38	261.195
2522.68	221.801
2521.98	236.073
2521.28	232.46
2520.59	235.998
2519.89	289.588
2519.19	243.072
2518.49	250.182
2517.79	275.156
2517.09	239.383
2516.39	232.2
2515.69	253.594
2514.99	260.696
2514.29	228.519
2513.59	235.622
2512.89	257.002
2512.19	249.823
2511.49	271.193
2510.79	281.853
2510.08	271.106
2509.38	246.097
2508.68	242.492
2507.98	217.494
2507.28	245.979
2506.58	263.762
2505.88	217.39
2505.18	235.172
2504.47	267.198
2503.77	252.907
2503.07	259.99
2502.37	284.875
2501.67	270.588
2500.96	266.985
2500.26	281.179
2499.56	256.224
2498.86	259.741
2498.15	284.602
2497.45	231.202
2496.75	273.842
2496.04	259.575
2495.34	245.313
2494.64	266.601
2493.93	245.234
2493.23	284.284
2492.53	277.133
2491.82	277.088
2491.12	269.94
2490.42	266.346
2489.71	227.246
2489.01	266.261
2488.3	259.119
2487.6	241.333
2486.89	244.843
2486.19	237.708
2485.49	241.217
2484.78	283.74
2484.08	234.048
2483.37	269.466
2482.67	226.883
2481.96	272.925
2481.25	279.969
2480.55	294.098
2479.84	311.764
2479.14	283.377
2478.43	233.749
2477.73	244.334
2477.02	261.998
2476.31	247.796
2475.61	276.072
2474.9	283.105
2474.19	283.06
2473.49	290.09
2472.78	293.581
2472.07	275.851
2471.37	286.415
2470.66	265.156
2469.95	272.184
2469.24	282.743
2468.54	215.557
2467.83	264.987
2467.12	282.607
2466.41	268.434
2465.71	278.985
2465	275.41
2464.29	278.896
2463.58	247.084
2462.87	292.924
2462.16	299.934
2461.46	271.661
2460.75	306.893
2460.04	310.371
2459.33	271.531
2458.62	278.539
2457.91	285.545
2457.2	225.58
2456.49	274.881
2455.78	260.743
2455.07	250.132
2454.36	257.137
2453.65	299.358
2452.94	302.831
2452.23	274.617
2451.52	267.533
2450.81	285.088
2450.1	256.89
2449.39	274.441
2448.68	306.058
2447.97	256.766
2447.26	320.027
2446.55	253.168
2445.84	274.221
2445.13	291.753
2444.42	298.735
2443.7	295.173
2442.99	302.153
2442.28	277.514
2441.57	316.105
2440.86	287.96
2440.15	308.981
2439.43	256.273
2438.72	294.842
2438.01	235.134
2437.3	308.783
2436.58	270.142
2435.87	298.16
2435.16	287.591
2434.45	291.052
2433.73	283.993
2433.02	287.453
2432.31	276.892
2431.59	322.404
2430.88	308.337
2430.17	301.281
2429.45	276.714
2428.74	283.674
2428.02	318.644
2427.31	273.08
2426.6	308.04
2425.88	265.992
2425.17	290.445
2424.45	307.892
2423.74	286.853
2423.02	283.31
2422.31	328.726
2421.59	276.226
2420.88	290.165
2420.16	279.632
2419.45	300.556
2418.73	262.071
2418.02	286.485
2417.3	345.823
2416.58	289.885
2415.87	349.203
2415.15	279.318
2414.44	286.255
2413.72	328.093
2413	261.734
2412.29	268.671
2411.57	296.537
2410.85	306.953
2410.14	327.829
2409.42	334.751
2408.7	303.319
2407.99	271.897
2407.27	303.221
2406.55	320.596
2405.83	299.64
2405.12	334.428
2404.4	337.857
2403.68	271.635
2402.96	295.965
2402.24	288.955
2401.53	313.274
2400.81	281.901
2400.09	327.092
2399.37	281.811
2398.65	288.722
2397.93	333.89
2397.21	309.494
2396.5	319.875
2395.78	312.871
2395.06	330.2
2394.34	291.919
2393.62	340.517
2392.9	340.462
2392.18	305.672
2391.46	364.664
2390.74	326.408
2390.02	368.018
2389.3	312.418
2388.58	267.248
2387.86	305.377
2387.14	284.51
2386.42	350.377
2385.7	301.761
2384.98	315.584
2384.25	298.196
2383.53	291.215
2382.81	322.364
2382.09	315.381
2381.37	280.678
2380.65	360.319
2379.93	273.66
2379.2	353.276
2378.48	315.127
2377.76	325.463
2377.04	339.258
2376.32	325.358
2375.59	363.374
2374.87	321.793
2374.15	342.499
2373.43	287.099
2372.7	287.053
2371.98	363.081
2371.26	345.735
2370.53	359.507
2369.81	397.467
2369.09	349.024
2368.36	290.23
2367.64	286.729
2366.92	348.855
2366.19	300.45
2365.47	331.478
2364.74	327.972
2364.02	317.564
2363.29	365.83
2362.57	331.264
2361.85	276.009
2361.12	365.653
2360.4	310.41
2359.67	313.808
2358.95	299.966
2358.22	317.154
2357.5	382.592
2356.77	379.084
2356.04	303.218
2355.32	341.065
2354.59	351.344
2353.87	365.063
2353.14	323.683
2352.41	333.959
2351.69	358.001
2350.96	323.526
2350.24	337.238
2349.51	368.15
2348.78	309.609
2348.06	337.075
2347.33	337.021
2346.6	306.02
2345.87	323.16
2345.15	329.983
2344.42	323.056
2343.69	422.654
2342.96	340.13
2342.24	419.082
2341.51	391.538
2340.78	391.475
2340.05	336.476
2339.32	312.392
2338.6	336.368
2337.87	363.767
2337.14	367.14
2336.41	346.496
2335.68	356.731
2334.95	342.955
2334.22	353.186
2333.49	339.415
2332.76	322.221
2332.04	349.588
2331.31	359.811
2330.58	335.77
2329.85	342.567
2329.12	376.762
2328.39	332.182
2327.66	356.096
2326.93	352.615
2326.2	342.29
2325.46	386.725
2324.73	386.662
2324	328.438
2323.27	403.64
2322.54	386.474
2321.81	400.09
2321.08	389.768
2320.35	396.542
2319.62	382.806
2318.89	341.736
2318.15	369.015
2317.42	362.123
2316.69	382.558
2315.96	358.59
2315.23	365.361
2314.49	372.13
2313.76	406.205
2313.03	358.358
2312.3	375.362
2311.56	358.242
2310.83	358.184
2310.1	347.894
2309.36	371.708
2308.63	351.191
2307.9	392.042
2307.16	398.796
2306.43	374.876
2305.7	344.148
2304.96	395.195
2304.23	384.912
2303.49	381.444
2302.76	374.572
2302.03	415.367
2301.29	374.45
2300.56	319.933
2299.82	381.135
2299.09	377.671
2298.35	350.394
2297.62	387.752
2296.88	391.09
2296.15	394.427
2295.41	387.563
2294.68	394.299
2293.94	326.263
2293.21	400.967
2292.47	370.325
2291.73	394.043
2291	376.997
2290.26	390.519
2289.53	404.037
2288.79	390.393
2288.05	363.176
2287.32	380.085
2286.58	383.416
2285.84	359.607
2285.1	434.171
2284.37	417.144
2283.63	383.167
2282.89	379.715
2282.16	355.925
2281.42	399.927
2280.68	454.08
2279.94	426.902
2279.2	372.632
2278.47	379.345
2277.73	436.853
2276.99	396.151
2276.25	382.546
2275.51	399.407
2274.77	473.796
2274.03	389.126
2273.3	419.512
2272.56	378.852
2271.82	392.319
2271.08	402.4
2270.34	392.191
2269.6	358.323
2268.86	405.583
2268.12	378.483
2267.38	402.073
2266.64	398.629
2265.9	469.495
2265.16	412.008
2264.42	388.305
2263.68	398.37
2262.94	401.681
2262.2	381.366
2261.46	435.294
2260.72	414.98
2259.97	404.793
2259.23	397.981
2258.49	451.871
2257.75	374.25
2257.01	428.127
2256.27	390.981
2255.53	427.987
2254.78	424.548
2254.04	431.217
2253.3	424.41
2252.56	363.721
2251.81	434.374
2251.07	461.236
2250.33	430.866
2249.59	454.355
2248.84	383.615
2248.1	403.74
2247.36	427.222
2246.61	450.696
2245.87	430.445
2245.13	453.911
2244.38	443.752
2243.64	433.596
2242.9	433.526
2242.15	406.574
2241.41	409.867
2240.66	382.928
2239.92	450.036
2239.17	406.309
2238.43	389.456
2237.68	389.393
2236.94	426.248
2236.19	422.823
2235.45	422.754
2234.7	439.458
2233.96	436.033
2233.21	375.598
2232.47	445.95
2231.72	462.639
2230.98	435.748
2230.23	462.488
2229.48	422.203
2228.74	412.083
2227.99	412.016
2227.25	415.298
2226.5	431.974
2225.75	385.03
2225.01	485.393
2224.26	468.579
2223.51	428.345
2222.76	455.043
2222.02	438.242
2221.27	431.481
2220.52	421.377
2219.77	468.121
2219.03	471.387
2218.28	434.542
2217.53	471.234
2216.78	451.107
2216.03	447.693
2215.29	477.684
2214.54	447.547
2213.79	450.813
2213.04	464.095
2212.29	504.078
2211.54	457.268
2210.79	430.495
2210.04	443.772
2209.29	497.077
2208.54	527.015
2207.79	480.239
2207.04	450.151
2206.3	413.404
2205.55	436.67
2204.79	463.261
2204.04	469.85
2203.29	473.105
2202.54	466.365
2201.79	459.628
2201.04	442.902
2200.29	476.126
2199.54	459.403
2198.79	402.744
2198.04	469.236
2197.29	445.868
2196.54	429.161
2195.78	459.027
2195.03	465.604
2194.28	445.576
2193.53	448.828
2192.78	458.727
2192.02	478.593
2191.27	511.745
2190.52	495.049
2189.77	441.817
2189.01	531.423
2188.26	501.448
2187.51	494.725
2186.76	511.243
2186	544.352
2185.25	487.845
2184.5	451.266
2183.74	441.239
2182.99	441.167
2182.23	490.843
2181.48	464.234
2180.73	450.897
2179.97	460.768
2179.22	513.722
2178.46	453.989
2177.71	427.409
2176.95	477.029
2176.2	450.454
2175.44	503.366
2174.69	473.484
2173.93	523.065
2173.18	526.289
2172.42	460.014
2171.67	499.645
2170.91	499.563
2170.16	555.715
2169.4	499.4
2168.64	453.023
2167.89	462.868
2167.13	509.071
2166.38	439.58
2165.62	498.991
2164.86	538.557
2164.11	455.882
2163.35	538.381
2162.59	498.664
2161.83	488.676
2161.08	511.705
2160.32	505.02
2159.56	471.935
2158.8	521.353
2158.05	498.173
2157.29	478.3
2156.53	547.481
2155.77	481.44
2155.01	468.173
2154.26	471.393
2153.5	507.571
2152.74	520.669
2151.98	490.93
2151.22	520.498
2150.46	507.238
2149.7	500.568
2148.94	507.071
2148.18	483.943
2147.43	523.363
2146.67	523.277
2145.91	542.934
2145.15	536.265
2144.39	542.756
2143.63	545.956
2142.87	509.694
2142.11	519.474
2141.34	545.687
2140.58	548.884
2139.82	496.215
2139.06	505.99
2138.3	496.052
2137.54	499.255
2136.78	518.877
2136.02	558.194
2135.26	492.443
2134.49	512.057
2133.73	521.818
2132.97	561.108
2132.21	574.139
2131.45	531.402
2130.68	478.839
2129.92	498.435
2129.16	514.746
2128.4	498.271
2127.63	475.246
2126.87	547.263
2126.11	543.896
2125.35	530.703
2124.58	501.137
2123.82	514.154
2123.06	536.99
2122.29	504.164
2121.53	566.273
2120.76	543.271
2120	536.637
2119.24	497.289
2118.47	569.171
2117.71	484.043
2116.94	549.364
2116.18	470.806
2115.41	526.301
2114.65	601.387
2113.88	516.324
2113.12	529.308
2112.35	555.355
2111.59	548.732
2110.82	525.781
2110.06	581.203
2109.29	545.196
2108.52	538.578
2107.76	545.016
2106.99	544.927
2106.23	535.05
2105.46	521.914
2104.69	518.566
2103.93	534.785
2103.16	489.052
2102.39	580.246
2101.63	547.558
2100.86	570.279
2100.09	563.669
2099.32	570.091
2098.56	556.969
2097.79	595.956
2097.02	547.017
2096.25	520.883
2095.48	589.152
2094.72	576.037
2093.95	549.911
2093.18	585.607
2092.41	588.763
2091.64	562.648
2090.87	543.044
2090.1	581.97
2089.34	588.375
2088.57	591.528
2087.8	542.686
2087.03	575.088
2086.26	561.999
2085.49	584.642
2084.72	552.071
2083.95	600.684
2083.18	587.599
2082.41	561.535
2081.64	554.952
2080.87	554.861
2080.1	606.677
2079.33	629.283
2078.56	548.1
2077.78	638.803
2077.01	586.824
2076.24	583.486
2075.47	547.738
2074.7	583.293
2073.93	605.877
2073.16	573.382
2072.38	573.288
2071.61	579.67
2070.84	566.623
2070.07	521.207
2069.3	550.252
2068.52	556.633
2067.75	575.955
2066.98	559.684
2066.2	585.469
2065.43	585.372
2064.66	559.407
2063.89	620.742
2063.11	614.175
2062.34	656.089
2061.56	601.046
2060.79	600.947
2060.02	604.078
2059.24	610.438
2058.47	607.108
2057.69	607.007
2056.92	626.276
2056.15	629.4
2055.37	577.662
2054.6	590.473
2053.82	548.436
2053.05	580.601
2052.27	615.98
2051.5	612.654
2050.72	673.808
2049.94	560.876
2049.17	602.681
2048.39	650.917
2047.62	660.475
2046.84	637.816
2046.06	599.062
2045.29	592.522
2044.51	618.182
2043.74	608.422
2042.96	637.289
2042.18	605.002
2041.4	640.296
2040.63	627.321
2039.85	636.867
2039.07	611.034
2038.3	643.087
2037.52	642.981
2036.74	671.804
2035.96	572.063
2035.18	607.315
2034.41	597.576
2033.63	626.387
2032.85	703.365
2032.07	674.348
2031.29	600.391
2030.51	622.762
2029.73	661.174
2028.96	612.929
2028.18	625.661
2027.4	660.846
2026.62	622.247
2025.84	660.627
2025.06	612.421
2024.28	641.173
2023.5	599.397
2022.72	618.527
2021.94	631.241
2021.16	663.174
2020.38	631.032
2019.6	656.549
2018.82	560.375
2018.04	669.137
2017.25	630.613
2016.47	633.709
2015.69	582.404
2014.91	659.095
2014.13	658.986
2013.35	658.877
2012.57	642.778
2011.78	601.105
2011	687.32
2010.22	671.225
2009.44	683.896
2008.65	629.464
2007.87	626.165
2007.09	670.779
2006.31	734.541
2005.52	654.591
2004.74	724.72
2003.96	667.142
2003.17	698.947
2002.39	695.64
2001.61	689.143
2000.82	673.079
2000.04	676.157
1999.26	691.989
1998.47	679.121
1997.69	672.632
1996.9	707.581
1996.12	662.848
1995.33	659.552
1994.55	739.085
1993.76	659.333
1992.98	675.147
1992.19	725.981
1991.41	697.208
1990.62	620.698
1989.84	763.809
1989.05	693.678
1988.27	690.381
1987.48	687.086
1986.69	702.874
1985.91	667.778
1985.12	664.488
1984.34	692.987
1983.55	638.84
1982.76	676.867
1981.98	657.691
1981.19	702.056
1980.4	695.587
1979.61	733.579
1978.83	714.406
1978.04	653.97
1977.25	726.865
1976.46	733.091
1975.68	752.007
1974.89	688.432
1974.1	681.974
1973.31	738.946
1972.52	672.234
1971.73	710.167
1970.95	738.578
1970.16	728.947
1969.37	725.657
1968.58	712.863
1967.79	738.086
1967	744.298
1966.21	785.341
1965.42	674.394
1964.63	686.944
1963.84	750.132
1963.05	727.855
1962.26	737.226
1961.47	721.286
1960.68	765.448
1959.89	755.833
1959.1	717.764
1958.31	739.774
1957.52	720.685
1956.73	723.726
1955.94	783.642
1955.14	723.484
1954.35	824.445
1953.56	720.085
1952.77	729.438
1951.98	764.046
1951.19	782.859
1950.39	678.575
1949.6	738.419
1948.81	773.002
1948.02	738.173
1947.22	719.125
1946.43	681.163
1945.64	737.804
1944.85	762.901
1944.05	769.077
1943.26	743.738
1942.47	708.954
1941.67	743.489
1940.88	737.066
1940.08	740.092
1939.29	743.117
1938.5	733.549
1937.7	755.461
1936.91	723.862
1936.11	745.768
1935.32	729.913
1934.52	805.287
1933.73	748.54
1932.93	789.295
1932.14	770.299
1931.34	785.888
1930.55	766.899
1929.75	732.203
1928.96	807.488
1928.16	760.232
1927.37	756.964
1926.57	807.084
1925.77	744.152
1924.98	753.445
1924.18	759.597
1923.38	800.268
1922.59	756.206
1921.79	771.766
1920.99	812.414
1920.2	727.601
1919.4	783.922
1918.6	764.98
1917.8	808.737
1917.01	786.663
1916.21	821.001
1915.41	701.807
1914.61	826.991
1913.81	783.005
1913.02	795.4
1912.22	757.695
1911.42	795.134
1910.62	748.052
1909.82	841.809
1909.02	788.478
1908.22	813.373
1907.42	860.154
1906.62	806.846
1905.82	809.838
1905.02	700.283
1904.23	834.573
1903.43	809.431
1902.63	812.421
1901.82	831.03
1901.02	768.418
1900.22	805.767
1899.42	758.793
1898.62	814.863
1897.82	870.915
1897.02	805.227
1896.22	808.213
1895.42	861.118
1894.62	829.779
1893.82	842.116
1893.01	810.79
1892.21	791.947
1891.41	863.514
1890.61	838.435
1889.81	828.946
1889	835.038
1888.2	856.705
1887.4	812.955
1886.6	831.505
1885.79	800.228
1884.99	775.188
1884.19	884.002
1883.38	862.069
1882.58	861.925
1881.78	759.113
1880.97	827.419
1880.17	817.95
1879.36	870.676
1878.56	861.203
1877.76	851.733
1876.95	867.13
1876.15	820.372
1875.34	901.016
1874.54	851.162
1873.73	847.913
1872.93	875.719
1872.12	804.161
1871.32	878.53
1870.51	924.94
1869.71	896.855
1868.9	837.752
1868.09	896.554
1867.29	856.081
1866.48	824.925
1865.68	871.297
1864.87	883.552
1864.06	852.407
1863.26	846.066
1862.45	849.022
1861.64	867.468
1860.84	876.616
1860.03	898.148
1859.22	817.487
1858.41	888.558
1857.61	841.977
1856.8	891.355
1855.99	869.544
1855.18	887.962
1854.37	934.214
1853.57	856.734
1852.76	834.944
1851.95	874.998
1851.14	853.211
1850.33	837.614
1849.52	893.099
1848.71	960.924
1847.9	883.531
1847.09	843.229
1846.29	901.763
1845.48	926.314
1844.67	889.112
1843.86	926.002
1843.05	898.071
1842.24	919.52
1841.43	947.131
1840.61	900.703
1839.8	897.467
1838.99	906.567
1838.18	952.66
1837.37	958.665
1836.56	893.782
1835.75	933.691
1834.94	967.425
1834.13	914.894
1833.31	917.82
1832.5	880.713
1831.69	905.196
1830.88	945.063
1830.07	877.191
1829.25	864.734
1828.44	956.893
1827.63	879.824
1826.82	895.055
1826	937.958
1825.19	897.829
1824.38	916.123
1823.56	968.222
1822.75	934.254
1821.94	967.896
1821.12	949.3
1820.31	1001.36
1819.49	912.127
1818.68	933.467
1817.87	899.539
1817.05	957.71
1816.24	939.134
1815.42	868.399
1814.61	911.205
1813.79	960.132
1812.98	932.367
1812.16	947.543
1811.35	962.713
1810.53	913.503
1809.72	928.674
1808.9	943.84
1808.08	968.192
1807.27	909.824
1806.45	918.86
1805.63	964.64
1804.82	946.106
1804	915.334
1803.18	924.362
1802.37	963.99
1801.55	954.648
1800.73	917.776
1799.92	945.149
1799.1	951.107
1798.28	911.196
1797.46	944.671
1796.65	929.229
1795.83	953.521
1795.01	990.028
1794.19	999.026
1793.37	977.475
1792.55	922.337
1791.74	906.913
1790.92	952.556
1790.1	992.079
1789.28	1025.48
1788.46	1007
1787.64	970.219
1786.82	960.904
1786	972.942
1785.18	927.035
1784.36	957.368
1783.54	987.691
1782.72	1021.05
1781.9	972.12
1781.08	962.816
1780.26	996.163
1779.44	971.628
1778.62	1001.92
1777.8	1020.02
1776.98	968.091
1776.15	1010.54
1775.33	1001.24
1774.51	1028.46
1773.69	1025.24
1772.87	1058.53
1772.04	1024.89
1771.22	1058.17
1770.4	1045.83
1769.58	969.659
1768.76	966.456
1767.93	990.602
1767.11	1039.05
1766.29	953.816
1765.46	1032.62
1764.64	1074.96
1763.82	1014.05
1762.99	1077.63
1762.17	1107.8
1761.35	1110.64
1760.52	1001.23
1759.7	1064.77
1758.87	1070.65
1758.05	1103.83
1757.22	1091.51
1756.4	1042.83
1755.57	1139.64
1754.75	1115.2
1753.92	1142.28
1753.1	1120.88
1752.27	1078.29
1751.45	1165.93
1750.62	1126.37
1749.8	1129.21
1748.97	1129.02
1748.15	1137.9
1747.32	1164.94
1746.49	1231.3
1745.67	1276.47
1744.84	1258.11
1744.01	1315.34
1743.19	1324.19
1742.36	1351.17
1741.53	1489.97
1740.7	1323.52
1739.88	1477.38
1739.05	1459
1738.22	1513.12
1737.39	1491.72
1736.57	1530.72
1735.74	1545.55
1734.91	1515.11
1734.08	1551.07
1733.25	1550.8
1732.42	1616.91
1731.59	1640.76
1730.77	1556.05
1729.94	1616.08
1729.11	1685.14
1728.28	1612.52
1727.45	1684.57
1726.62	1569.79
1725.79	1563.5
1724.96	1626.49
1724.13	1593.08
1723.3	1595.83
1722.47	1508.25
1721.64	1643.44
1720.81	1643.16
1719.98	1615.81
1719.14	1594.47
1718.31	1618.26
1717.48	1596.94
1716.65	1608.69
1715.82	1524.24
1714.99	1566.07
1714.16	1574.82
1713.32	1601.59
1712.49	1610.33
1711.66	1619.07
1710.83	1726.92
1709.99	1645.55
1709.16	1678.29
1708.33	1653.99
1707.5	1695.73
1706.66	1638.43
1705.83	1656.15
1705	1715.87
1704.16	1619.6
1703.33	1637.32
1702.49	1735.98
1701.66	1666.74
1700.83	1672.45
1699.99	1660.18
1699.16	1573
1698.32	1587.72
1697.49	1620.39
1696.65	1629.1
1695.82	1571.93
1694.98	1586.64
1694.15	1538.48
1693.31	1463.4
1692.48	1484.09
1691.64	1462.9
1690.81	1375.91
1689.97	1336.8
1689.13	1420.29
1688.3	1291.5
1687.46	1354.05
1686.62	1404.63
1685.79	1398.41
1684.95	1341.41
1684.11	1353.13
1683.28	1242.4
1682.44	1221.28
1681.6	1206.15
1680.77	1199.97
1679.93	1187.83
1679.09	1301.02
1678.25	1184.44
1677.41	1243.9
1676.58	1187.02
1675.74	1210.68
1674.9	1234.32
1674.06	1219.21
1673.22	1219
1672.38	1227.73
1671.54	1158.99
1670.7	1274.97
1669.86	1250.93
1669.02	1247.74
1668.19	1307.07
1667.35	1205.64
1666.51	1226.27
1665.67	1193.32
1664.83	1282.38
1663.98	1276.21
1663.14	1264.1
1662.3	1302.54
1661.46	1233.93
1660.62	1224.8
1659.78	1224.6
1658.94	1295.71
1658.1	1313.32
1657.26	1307.15
1656.42	1253.46
1655.57	1300.77
1654.73	1238.19
1653.89	1312.2
1653.05	1258.55
1652.2	1240.52
1651.36	1293.72
1650.52	1299.44
1649.68	1287.35
1648.83	1328.65
1647.99	1352.14
1647.15	1310.41
1646.3	1301.29
1645.46	1410.73
1644.62	1437.15
1643.77	1327.29
1642.93	1324.1
1642.08	1394.96
1641.24	1347.34
1640.4	1382.64
1639.55	1385.36
1638.71	1447.28
1637.86	1414.48
1637.02	1473.41
1636.17	1505.7
1635.33	1499.53
1634.48	1561.37
1633.64	1617.28
1632.79	1605.18
1631.94	1637.42
1631.1	1814.44
1630.25	1666.4
1629.41	1769.51
1628.56	1893.26
1627.71	2052.4
1626.87	2232.16
1626.02	2234.73
1625.17	2591.49
1624.32	2850.74
1623.48	3059.75
1622.63	3466.33
1621.78	3840.34
1620.93	4208.31
1620.09	4626.29
1619.24	5259.33
1618.39	5320.33
1617.54	5693.69
1616.69	5571.91
1615.85	5488.47
1615	5399.16
1614.15	5094.9
1613.3	4723.02
1612.45	4463.14
1611.6	3973.75
1610.75	3828.86
1609.9	3354.46
1609.05	3112.64
1608.2	2953.27
1607.35	2652.78
1606.5	2499.42
1605.65	2384.33
1604.8	2228.13
1603.95	2077.86
1603.1	1912.95
1602.25	2021.33
1601.4	1906.42
1600.55	2050.01
1599.69	1917.52
1598.84	1867.28
1597.99	1934.47
1597.14	1714.02
1596.29	1798.82
1595.44	1651.82
1594.58	1660.33
1593.73	1613.12
1592.88	1551.27
1592.03	1518.75
1591.17	1603.5
1590.32	1594.43
1589.47	1503.31
1588.61	1526.5
1587.76	1496.94
1586.91	1470.32
1586.05	1475.93
1585.2	1422.97
1584.35	1387.6
1583.49	1440.05
1582.64	1419.31
1581.78	1427.85
1580.93	1351.54
1580.07	1360.09
1579.22	1348.15
1578.36	1362.54
1577.51	1432.47
1576.65	1449.76
1575.8	1382.3
1574.94	1326.54
1574.09	1390.59
1573.23	1369.9
1572.37	1355.07
1571.52	1378.19
1570.66	1401.31
1569.8	1342.69
1568.95	1412.5
1568.09	1391.84
1567.23	1377.01
1566.38	1438.03
1565.52	1440.7
1564.66	1408.38
1563.81	1378.98
1562.95	1504.08
1562.09	1425.14
1561.23	1410.32
1560.37	1447.95
1559.52	1447.7
1558.66	1482.4
1557.8	1502.53
1556.94	1537.21
1556.08	1557.32
1555.22	1522.13
1554.36	1524.78
1553.5	1611.8
1552.64	1594.07
1551.78	1640.33
1550.92	1727.28
1550.06	1747.34
1549.2	1752.85
1548.34	1790.33
1547.48	1868.48
1546.62	1894.31
1545.76	1963.7
1544.9	1882.04
1544.04	1977.55
1543.18	2104.96
1542.32	2122.01
1541.46	2165.18
1540.6	2196.73
1539.73	2248.58
1538.87	2326.51
1538.01	2253.6
1537.15	2299.61
1536.29	2307.92
1535.42	2452.46
1534.56	2478.13
1533.7	2570.43
1532.84	2633.73
1531.97	2766.54
1531.11	2925.36
1530.25	2875.63
1529.38	2634.81
1528.52	2480.93
1527.66	2208.43
1526.79	2251.46
1525.93	2036.96
1525.06	1900.64
1524.2	1848.25
1523.34	1761.17
1522.47	1833.16
1521.61	1783.69
1520.74	1740.03
1519.88	1673.26
1519.01	1730.76
1518.15	1727.58
1517.28	1727.28
1516.41	1741.42
1515.55	1619.85
1514.68	1573.38
1513.82	1529.81
1512.95	1610.35
1512.08	1572.56
1511.22	1540.56
1510.35	1595.1
1509.48	1537.14
1508.62	1600.31
1507.75	1490.49
1506.88	1542.11
1506.01	1501.5
1505.15	1434.97
1504.28	1561.48
1503.41	1477.68
1502.54	1607.02
1501.67	1497.32
1500.81	1488.43
1499.94	1537.11
1499.07	1476.4
1498.2	1473.27
1497.33	1521.93
1496.46	1449.75
1495.59	1504.14
1494.72	1480.88
1493.85	1523.75
1492.98	1466
1492.11	1520.35
1491.24	1508.59
1490.37	1459.49
1489.5	1556.9
1488.63	1430.27
1487.76	1587.95
1486.89	1593.42
1486.02	1610.37
1485.15	1578.52
1484.28	1540.94
1483.41	1655.44
1482.54	1606.39
1481.66	1617.58
1480.79	1760.68
1479.92	1766.11
1479.05	1762.94
1478.18	1811.36
1477.3	1856.89
1476.43	1853.71
1475.56	1896.35
1474.69	1841.61
1473.81	1849.88
1472.94	1918.28
1472.07	1897.91
1471.19	1868.96
1470.32	1888.66
1469.44	1871.17
1468.57	1842.24
1467.7	1881.96
1466.82	1867.34
1465.95	1852.72
1465.07	1883.85
1464.2	1903.53
1463.32	2017.5
1462.45	1897.15
1461.57	2019.66
1460.7	2073.58
1459.82	2016.11
1458.95	2010.05
1458.07	2109.61
1457.2	2186.31
1456.32	2243.01
1455.44	2202.67
1454.57	2459.04
1453.69	2401.56
1452.81	2535.18
1451.94	2472.01
1451.06	2443.08
1450.18	2374.25
1449.31	2308.29
1448.43	2302.2
1447.55	2284.7
1446.67	2295.7
1445.8	2272.52
1444.92	2263.58
1444.04	2396.99
1443.16	2302.65
1442.28	2330.71
1441.4	2316.08
1440.52	2423.78
1439.65	2332.34
1438.77	2380.28
1437.89	2510.66
1437.01	2396.51
1436.13	2282.4
1435.25	2270.64
1434.37	2250.35
1433.49	2355.08
1432.61	2252.41
1431.73	2118.55
1430.85	2092.63
1429.97	2100.78
1429.09	2032.29
1428.21	1992.21
1427.32	1960.65
1426.44	1858.18
1425.56	1948.63
1424.68	1968.14
1423.8	1962.13
1422.92	1941.94
1422.04	1989.79
1421.15	1927.1
1420.27	1986.27
1419.39	1932.1
1418.51	2025.23
1417.62	1937.09
1416.74	1897.11
1415.86	1919.43
1414.97	1955.89
1414.09	1797.07
1413.21	1788.27
1412.32	1807.76
1411.44	1790.48
1410.56	1903.29
1409.67	1690.89
1408.79	1701.9
1407.9	1693.13
1407.02	1656.1
1406.13	1701.02
1405.25	1655.52
1404.36	1680.65
1403.48	1618.23
1402.59	1705.48
1401.71	1699.54
1400.82	1594.8
1399.94	1645.33
1399.05	1701.47
1398.16	1735.03
1397.28	1748.83
1396.39	1748.53
1395.5	1787.7
1394.62	1773.29
1393.73	1592.59
1392.84	1685.31
1391.96	1732.92
1391.07	1676.27
1390.18	1740.77
1389.29	1723.57
1388.41	1666.95
1387.52	1658.21
1386.63	1784.59
1385.74	1694.22
1384.85	1693.93
1383.96	1696.45
1383.07	1743.97
1382.19	1670.54
1381.3	1667.44
1380.41	1681.21
1379.52	1692.16
1378.63	1658.14
1377.74	1680.33
1376.85	1646.32
1375.96	1758.39
1375.07	1735.62
1374.18	1749.36
1373.29	1737.82
1372.4	1734.71
1371.51	1745.64
1370.62	1731.3
1369.72	1739.42
1368.83	1767.16
1367.94	1867.82
1367.05	1688.03
1366.16	1752.22
1365.27	1737.9
1364.37	1799.25
1363.48	1734.49
1362.59	1823.84
1361.7	1809.52
1360.8	1809.2
1359.91	1682.88
1359.02	1833.77
1358.13	1813.85
1357.23	1726.78
1356.34	1751.66
1355.45	1818.5
1354.55	1753.85
1353.66	1789.9
1352.76	1803.57
1351.87	1803.25
1350.98	1875.61
1350.08	1900.44
1349.19	1922.46
1348.29	1846.69
1347.4	2033.52
1346.5	2047.13
1345.61	2194.77
1344.71	2269.76
1343.81	2414.52
1342.92	2455.96
1342.02	2430.41
1341.13	2505.32
1340.23	2437.93
1339.33	2378.94
1338.44	2381.31
1337.54	2252.65
1336.64	2210.45
1335.75	2095.79
1334.85	2142.8
1333.95	2033.77
1333.06	2066.84
1332.16	2088.76
1331.26	2199.78
1330.36	2140.93
1329.46	2140.55
1328.57	2117.91
1327.67	2187.11
1326.77	2373.12
1325.87	2330.98
1324.97	2350.04
1324.07	2452.52
1323.17	2549.39
1322.27	2593.42
1321.37	2793.07
1320.47	2864.83
1319.57	3069.91
1318.67	3088.82
1317.77	3218.81
1316.87	3320.98
1315.97	3470.32
1315.07	3475.26
1314.17	3593.99
1313.27	3657.18
1312.37	3620.48
1311.47	3814.01
1310.57	3696.86
1309.66	3568.66
1308.76	3543.09
1307.86	3550.78
1306.96	3403.28
1306.06	3241.97
1305.15	3399.31
1304.25	3163.27
1303.35	3259.65
1302.45	3087.4
1301.54	3103.47
1300.64	3033.73
1299.74	2922.5
1298.83	2836.21
1297.93	2860.61
1297.03	2658.18
1296.12	2547.09
1295.22	2474.76
1294.31	2380.33
1293.41	2526.41
1292.5	2412.65
1291.6	2304.47
1290.69	2334.45
1289.79	2394.81
1288.88	2325.35
1287.98	2344.27
1287.07	2376.99
1286.17	2368.29
1285.26	2378.91
1284.36	2436.44
1283.45	2560.16
1282.54	2468.69
1281.64	2531.68
1280.73	2542.27
1279.82	2472.9
1278.92	2670.92
1278.01	2596.05
1277.1	2683.76
1276.19	2622.68
1275.29	2669.05
1274.38	2508.85
1273.47	2566.23
1272.56	2491.45
1271.65	2573.59
1270.75	2408.02
1269.84	2531.41
1268.93	2409.92
1268.02	2478.26
1267.11	2620.83
1266.2	2524.13
1265.29	2669.39
1264.38	2616.7
1263.47	2712.43
1262.56	2819.11
1261.65	2961.47
1260.74	3106.52
1259.83	3229.56
1258.92	3289.39
1258.01	3483.73
1257.1	3576.44
1256.19	3633.44
1255.28	3687.68
1254.37	3846.14
1253.46	3757.69
1252.54	3968.19
1251.63	3989.43
1250.72	3884.56
1249.81	3941.43
1248.9	3795.5
1247.98	3693.45
1247.07	3807.86
1246.16	3486.73
1245.25	3677.81
1244.33	3449.9
1243.42	3386.33
1242.51	3352.89
1241.59	3160.74
1240.68	3042.53
1239.76	2866.92
1238.85	2921.12
1237.94	2849.5
1237.02	2756.04
1236.11	2616.14
1235.19	2558.28
1234.28	2410.26
1233.36	2450.82
1232.45	2453.12
1231.53	2403.52
1230.62	2386.72
1229.7	2268.89
1228.79	2260.3
1227.87	2232.61
1226.95	2243.13
1226.04	2259.11
1225.12	2195.97
1224.2	2198.31
1223.29	2266.09
1222.37	2219.34
1221.45	2240.76
1220.54	2226.74
1219.62	2261.77
1218.7	2296.79
1217.78	2266.42
1216.87	2241.51
1215.95	2328.25
1215.03	2240.72
1214.11	2174.99
1213.19	2318.86
1212.27	2266.75
1211.35	2402.38
1210.44	2410.12
1209.52	2398.81
1208.6	2607.77
1207.68	2474.09
1206.76	2506.27
1205.84	2489.53
1204.92	2464.63
1204	2483.21
1203.08	2591.43
1202.16	2740.35
1201.24	2758.87
1200.32	2885.99
1199.39	3042.92
1198.47	3175.36
1197.55	3204.65
1196.63	3290.9
1195.71	3265.91
1194.79	3381.95
1193.86	3186.12
1192.94	3231.64
1192.02	3279.86
1191.1	3284.7
1190.18	3351.87
1189.25	3546.34
1188.33	3748.86
1187.41	4081.31
1186.48	4316.17
1185.56	4226.06
1184.64	4447.27
1183.71	4492.49
1182.79	4277.94
1181.86	3985
1180.94	3878.81
1180.02	3572.52
1179.09	3296.09
1178.17	2971.09
1177.24	2867.85
1176.32	2616.02
1175.39	2515.58
1174.47	2366.55
1173.54	2371.53
1172.61	2246.89
1171.69	2154.68
1170.76	2081.41
1169.84	2048.65
1168.91	2042.89
1167.98	2012.85
1167.06	1950.45
1166.13	1925.83
1165.2	1912
1164.28	1933.24
1163.35	1930.2
1162.42	1838.21
1161.49	1978.02
1160.57	1896.84
1159.64	1864.18
1158.71	1831.53
1157.78	1771.96
1156.85	1879.34
1155.92	1784.79
1154.99	1757.56
1154.07	1835.29
1153.14	1853.79
1152.21	1786.21
1151.28	1799.34
1150.35	1933.48
1149.42	1839.04
1148.49	1908.6
1147.56	1935.14
1146.63	1907.93
1145.7	2001.62
1144.77	2014.7
1143.84	2078.8
1142.9	2032.78
1141.97	2016.31
1141.04	2007.9
1140.11	1943.13
1139.18	1948.16
1138.25	1915.61
1137.32	1891.13
1136.38	1877.39
1135.45	1936.05
1134.52	1868.68
1133.59	1795.97
1132.65	1886.77
1131.72	1835.53
1130.79	1827.16
1129.85	1834.88
1128.92	1939
1127.99	1858.32
1127.05	1954.37
1126.12	2028.98
1125.18	1993.82
1124.25	2087.12
1123.32	2070.7
1122.38	2024.86
1121.45	2187.64
1120.51	2072.27
1119.58	2160.13
1118.64	2178.45
1117.71	2218.15
1116.77	2268.53
1115.83	2220.04
1114.9	2233
1113.96	2120.43
1113.03	2085.35
1112.09	2103.66
1111.15	2202.05
1110.22	2126.93
1109.28	2137.23
1108.34	2192.87
1107.4	2075.12
1106.47	2144.09
1105.53	2045.05
1104.59	1943.39
1103.65	1996.35
1102.72	1990.66
1101.78	2030.28
1100.84	2024.59
1099.9	2010.91
1098.96	1930.66
1098.02	1930.32
1097.08	1967.24
1096.14	1929.63
1095.2	2003.8
1094.26	1923.62
1093.32	1979.14
1092.38	1981.45
1091.44	2114.06
1090.5	2041.9
1089.56	2081.41
1088.62	2006.62
1087.68	2040.81
1086.74	2005.9
1085.8	2077.27
1084.86	2098.15
1083.92	2132.29
1082.98	2150.5
1082.03	2120.91
1081.09	2096.65
1080.15	2146.69
1079.21	2212.64
1078.27	2228.16
1077.32	2201.24
1076.38	2163.72
1075.44	2184.55
1074.49	2162.95
1073.55	2276.53
1072.61	2313.22
1071.66	2132.65
1070.72	2275.31
1069.78	2248.42
1068.83	2277.15
1067.89	2258.21
1066.94	2212.81
1066	2191.24
1065.05	2259.65
1064.11	2224.85
1063.16	2242.97
1062.22	2290.17
1061.27	2213.08
1060.33	2178.32
1059.38	2185.86
1058.43	2180.19
1057.49	2174.51
1056.54	2179.41
1055.59	2176.38
1054.65	2210.32
1053.7	2157.12
1052.75	2246.49
1051.81	2330.55
1050.86	2256.24
1049.91	2179.32
1048.96	2165.75
1048.02	2281.41
1047.07	2304.73
1046.12	2219.95
1045.17	2232.74
1044.22	2174.35
1043.27	2152.88
1042.33	2165.67
1041.38	2186.36
1040.43	2075.35
1039.48	2072.35
1038.53	2119.37
1037.58	1984.74
1036.63	2047.55
1035.68	1984.03
1034.73	2031.03
1033.78	2020.15
1032.83	2043.46
1031.88	1924.77
1030.93	1990.15
1029.97	1924.08
1029.02	1900.08
1028.07	1954.92
1027.12	1896.77
1026.17	1909.57
1025.22	1935.49
1024.26	2013.91
1023.31	1940.05
1022.36	1950.2
1021.41	2165.04
1020.45	1962.62
1019.5	2046.21
1018.55	2064.21
1017.59	2011.39
1016.64	2055.6
1015.69	2010.67
1014.73	1984.1
1013.78	1902.51
1012.83	1839.29
1011.87	1883.49
1010.92	1836.01
1009.96	1969.23
1009.01	1924.37
1008.05	1882.14
1007.1	1868.72
1006.14	1894.55
1005.19	1886.36
1004.23	1886.02
1003.27	1849.07
1002.32	1848.74
1001.36	1817.03
1000.41	1855.92
999.449	1907.85
998.493	1782.09
997.536	1818.34
996.579	1880.71
995.621	1914.32
994.664	1817.37
993.706	1916.25
992.748	1988.99
991.791	1923.39
990.832	1962.18
989.874	1946.18
988.916	1979.74
987.957	2002.85
986.998	2080.71
986.039	2106.41
985.08	2147.74
984.121	2199.47
983.161	2251.19
982.202	2313.3
981.242	2185.26
980.282	2390.6
979.322	2491.71
978.361	2486.06
977.401	2558.49
976.44	2560.63
975.479	2677.25
974.518	2611.74
973.557	2645.08
972.595	2668.01
971.634	2594.73
970.672	2617.66
969.71	2658.77
968.748	2647.9
967.786	2634.44
966.823	2595
965.861	2581.55
964.898	2477.22
963.935	2437.83
962.972	2476.32
962.009	2468.09
961.045	2446.89
960.082	2441.26
959.118	2414.89
958.154	2448.17
957.19	2447.72
956.225	2615.79
955.261	2490.91
954.296	2487.87
953.331	2466.69
952.366	2468.84
951.401	2540.92
950.436	2403.21
949.47	2397.6
948.504	2309.15
947.539	2352.74
946.572	2375.6
945.606	2346.71
944.64	2286.79
943.673	2358.8
942.706	2301.49
941.74	2360.54
940.772	2360.11
939.805	2269.23
938.838	2276.57
937.87	2379.51
936.902	2252.5
935.934	2319.25
934.966	2334.32
933.998	2302.92
933.029	2281.86
932.061	2338.22
931.092	2340.38
930.123	2280.62
929.153	2295.69
928.184	2235.96
927.214	2302.6
926.245	2284.13
925.275	2324.96
924.305	2306.5
923.334	2262.29
922.364	2375.23
921.393	2251.17
920.423	2258.49
919.452	2281.25
918.481	2342.62
917.509	2246.97
916.538	2280.02
915.566	2325.92
914.594	2346.08
913.622	2260.78
912.65	2280.94
911.678	2303.67
910.705	2352.1
909.732	2259.15
908.76	2371.81
907.787	2381.66
906.813	2329.85
905.84	2419.32
904.866	2403.48
903.893	2338.86
902.919	2453.95
901.944	2517.66
900.97	2494.11
899.996	2503.93
899.021	2413.7
898.046	2369.66
897.071	2392.31
896.096	2381.63
895.121	2304.3
894.145	2357.7
893.169	2454.64
892.194	2395.28
891.218	2292.39
890.241	2379.04
889.265	2376.05
888.288	2390.98
887.312	2372.64
886.335	2438.74
885.358	2351.31
884.38	2430.19
883.403	2483.46
882.425	2529.04
881.447	2600.17
880.469	2625.26
879.491	2670.79
878.513	2598.76
877.534	2690.26
876.556	2853.25
875.577	2931.91
874.598	3110.12
873.618	3160.62
872.639	3374.46
871.659	3432.55
870.68	3681.98
869.7	3905.82
868.719	4195.89
867.739	4371.1
866.759	4408.55
865.778	4665.23
864.797	4672.04
863.816	4630.42
862.835	4463.96
861.854	4348.52
860.872	4263.68
859.89	4135.58
858.908	3885.31
857.926	3609.68
856.944	3545.4
855.962	3313.19
854.979	3353.3
853.996	3271.29
853.013	3138.45
852.03	3010.73
851.047	3104.26
850.063	3042.69
849.08	2925.23
848.096	3069.54
847.112	2941.95
846.128	2885.54
845.143	2966.28
844.159	2818.47
843.174	2815.42
842.189	2809.83
841.204	2657.06
840.218	2676.87
839.233	2663.7
838.247	2729.17
837.261	2723.6
836.275	2766.21
835.289	2742.89
834.303	2739.86
833.316	2752.03
832.33	2726.2
831.343	2730.77
830.356	2626.43
829.368	2739.9
828.381	2549.52
827.393	2632.59
826.406	2616.93
825.418	2618.99
824.429	2651.4
823.441	2509.27
822.453	2465.82
821.464	2533.64
820.475	2545.82
819.486	2467
818.497	2552.48
817.507	2534.33
816.518	2511.13
815.528	2397.01
814.538	2406.68
813.548	2393.61
812.558	2398.23
811.567	2415.46
810.576	2394.83
809.586	2343.93
808.594	2406.57
807.603	2297.68
806.612	2337.61
805.62	2347.27
804.629	2336.76
803.637	2336.34
802.644	2338.43
801.652	2300.22
800.66	2337.58
799.667	2364.86
798.674	2306.51
797.681	2353.93
796.688	2416.43
795.695	2360.62
794.701	2397.93
793.707	2367.31
792.713	2492.64
791.719	2605.35
790.725	2526.93
789.73	2684.85
788.736	2611.47
787.741	2714.03
786.746	2801.47
785.751	2974.3
784.755	2885.85
783.76	2820.03
782.764	2997.78
781.768	3052.46
780.772	3019.27
779.776	2988.61
778.779	2925.34
777.783	2912.27
776.786	2909.23
775.789	2878.61
774.792	2810.39
773.794	2727.17
772.797	2648.98
771.799	2696.1
770.801	2743.21
769.803	2549.84
768.805	2499.29
767.806	2486.32
766.808	2375.71
765.809	2452.87
764.81	2234.71
763.811	2334.38
762.811	2216.38
761.812	2398.56
760.812	2325.6
759.812	2212.67
758.812	2264.76
757.812	2319.33
756.811	2393.87
755.81	2333.47
754.81	2343.04
753.809	2335.12
752.807	2292.24
751.806	2311.8
750.804	2451.16
749.803	2642.87
748.801	2789.6
747.799	2671.84
746.796	2713.76
745.794	2533.71
744.791	2376.16
743.788	2313.41
742.785	2235.72
741.782	2235.31
740.779	2229.92
739.775	2192.14
738.771	2151.89
737.767	2188.85
736.763	2131.19
735.759	2237.84
734.754	2165.25
733.75	2095.18
732.745	2271.44
731.74	2221.28
730.735	2205.95
729.729	2270.19
728.724	2197.68
727.718	2336.48
726.712	2308.71
725.706	2323.2
724.699	2357.55
723.693	2270.19
722.686	2302.06
721.679	2333.91
720.672	2422.85
719.665	2412.48
718.657	2471.6
717.65	2634.89
716.642	2619.53
715.634	2621.53
714.626	2611.13
713.617	2637.92
712.609	2577.95
711.6	2545.26
710.591	2542.31
709.582	2603.78
708.573	2432.39
707.563	2355.18
706.554	2372.08
705.544	2388.97
704.534	2358.83
703.524	2395.52
702.513	2370.34
701.503	2330.32
700.492	2295.27
699.481	2324.52
698.47	2262.29
697.458	2205.02
696.447	2177.42
695.435	2298.11
694.423	2255.69
693.411	2252.8
692.399	2272.15
691.386	2251.98
690.374	2204.66
689.361	2251.15
688.348	2280.35
687.335	2282.4
686.321	2341.19
685.308	2350.63
684.294	2303.34
683.28	2608.66
682.266	2610.64
681.252	2740.8
680.237	2668.83
679.223	2692.98
678.208	2500.34
677.193	2406.29
676.177	2363.98
675.162	2282.3
674.146	2269.57
673.131	2303.61
672.115	2345.02
671.099	2189.6
670.082	2349.08
669.066	2370.78
668.049	2311.33
667.032	2264.2
666.015	2364.56
664.998	2351.84
663.98	2245.75
662.962	2333.78
661.945	2225.28
660.927	2367.3
659.908	2551.01
658.89	2260.87
657.871	2419.99
656.853	2380.28
655.834	2271.89
654.814	2349.97
653.795	2396.14
652.775	2366.27
651.756	2348.67
650.736	2338.44
649.716	2323.3
648.695	2393.93
647.675	2351.84
646.654	2498.37
645.633	2407.3
644.612	2470.52
643.591	2555.75
642.57	2660.52
641.548	2792.18
640.526	3048.57
639.504	3263.27
638.482	3441.21
637.46	3460.14
636.437	3503.51
635.415	3387.98
634.392	3191.84
633.369	2907.8
632.345	2743.58
631.322	2584.3
630.298	2471.49
629.274	2431.96
628.25	2407.1
627.226	2387.13
626.202	2376.93
625.177	2354.53
624.152	2427.28
623.127	2341.47
622.102	2404.44
621.077	2367.42
620.051	2408.43
619.025	2327.56
617.999	2409.98
616.973	2460.7
615.947	2526.01
614.92	2520.67
613.894	2539.69
612.867	2507.57
611.84	2460.86
610.812	2492.04
609.785	2450.22
608.757	2576.27
607.729	2510.12
606.701	2487.77
605.673	2443.55
604.645	2430.94
603.616	2396.47
602.587	2383.87
601.558	2351.85
600.529	2363.56
599.5	2477.27
598.47	2374.83
597.441	2413.24
596.411	2458.91
595.381	2419.62
594.35	2409.47
593.32	2442.99
592.289	2522.58
591.258	2415.41
590.227	2364.05
589.196	2470.28
588.164	2280.77
587.133	2447.55
586.101	2393.8
585.069	2373.97
584.037	2286.34
583.004	2394.89
581.972	2416.24
580.939	2314.12
579.906	2352.42
578.873	2337.47
577.839	2324.94
576.806	2215.66
575.772	2454.67
574.738	2352.66
573.704	2255.53
572.67	2272.03
571.635	2315.11
570.6	2239.78
569.566	2364.98
568.531	2321.07
567.495	2221.63
566.46	2240.53
565.424	2257.02
564.388	2203.5
563.352	2273.07
562.316	2197.86
561.28	2243.28
560.243	2209.11
559.206	2297.91
558.169	2256.5
557.132	2246.44
556.095	2236.39
555.057	2243.2
554.019	2317.47
552.981	2389.29
551.943	2220.28
550.905	2092.26
549.866	2236.31
548.827	2320.13
547.789	2334.14
546.749	2254.31
545.71	2294.79
544.671	2234.24
543.631	2380.5
542.591	2322.36
541.551	2362.79
540.511	2326.31
539.47	2287.43
538.429	2265.38
537.389	2341.82
536.348	2396.62
535.306	2280.93
534.265	2436.54
533.223	2248.88
532.181	2294.06
531.139	2384.8
530.097	2276.42
529.055	2347.94
528.012	2270.78
526.969	2265.56
525.926	2358.62
524.883	2228.77
523.84	2367.33
522.796	2347.72
521.753	2349.68
520.709	2351.64
519.665	2332.05
518.62	2389.07
517.576	2405.38
516.531	2383.4
515.486	2437.98
514.441	2401.65
513.396	2417.94
512.35	2439.01
511.304	2421.82
510.258	2366.4
509.212	2373.13
508.166	2296.22
507.12	2396.13
506.073	2417.19
505.026	2407.18
503.979	2368.53
502.932	2332.28
501.884	2331.85
500.837	2360.05
499.789	2347.68
498.741	2299.54
497.693	2270.49
496.644	2348.76
495.596	2322.1
494.547	2335.97
493.498	2409.41
492.448	2373.22
491.399	2360.87
490.349	2260.39
489.3	2307.6
488.25	2373.84
487.2	2297.22
486.149	2387.23
485.099	2432
484.048	2469.61
482.997	2462.02
481.946	2373.56
480.894	2399.28
479.843	2313.24
478.791	2448.3
477.739	2369.42
476.687	2328.58
475.635	2342.4
474.582	2356.22
473.529	2370.03
472.476	2419.45
471.423	2354.9
470.37	2373.45
469.316	2401.48
468.263	2379.68
467.209	2303.33
466.155	2395.39
465.1	2342.78
464.046	2323.38
462.991	2370.35
461.936	2431.53
460.881	2333.92
459.826	2520.64
458.77	2446.75
457.715	2462.87
456.659	2381.9
455.603	2369.62
454.547	2392.85
453.49	2449.2
452.433	2399.05
451.377	2370.22
450.319	2426.54
449.262	2383.52
448.205	2425.63
447.147	2505.55
446.089	2455.45
445.031	2436.09
443.973	2423.82
442.915	2352.51
441.856	2385.13
440.797	2493.3
439.738	2358.27
438.679	2459.32
437.619	2402.23
436.56	2441.89
435.5	2380.1
434.44	2405.6
433.38	2329.69
432.319	2376.41
431.259	2465.53
430.198	2389.66
429.137	2532.94
428.075	2433.53
427.014	2463.69
425.952	2510.33
424.891	2396.84
423.829	2563.53
422.766	2506.56
421.704	2494.33
420.641	2489.16
419.579	2533.38
418.516	2554.08
417.452	2551.25
416.389	2517.86
415.325	2519.74
414.262	2578.02
413.198	2619.83
412.133	2699.21
411.069	2529.59
410.004	2611.31
408.94	2693
407.875	2622.07
406.809	2595.76
405.744	2595.28
404.678	2700.36
403.613	2699.86
402.547	2781.43
401.48	2694.16
400.414	2808.52
399.347	2672.05
398.281	2739.51
397.214	2734.31
396.146	2689.29
395.079	2620.86
394.011	2669.55
392.944	2788.45
391.876	2696.64
390.807	2731.24
389.739	2800.92
388.67	2786.36
387.602	2743.74
386.533	2724.51
385.463	2738.03
384.394	2795.96
383.324	2795.44
382.255	2713.12
381.185	2787.38
380.114	2765.83
379.044	2751.3
377.973	2755.45
376.903	2715.24
375.832	2668.05
374.76	2674.55
373.689	2578.38
372.617	2615.22
371.546	2677.71
370.474	2595.58
369.401	2620.74
368.329	2641.23
367.256	2638.41
366.183	2689.18
365.11	2711.97
364.037	2646.24
362.964	2617.79
361.89	2640.59
360.816	2619.14
359.742	2693.13
358.668	2734.51
357.594	2729.35
356.519	2773.03
355.444	2802.75
354.369	2697.58
353.294	2780.77
352.218	2873.23
351.143	2888.96
350.067	2867.5
348.991	2839.09
347.915	2889.66
346.838	2844.99
345.762	2883.92
344.685	3045.89
343.608	2864.27
342.53	2991.37
341.453	2951.36
340.375	2916.01
339.297	2831.96
338.219	2954.33
337.141	3044.2
336.063	2888.32
334.984	2957.3
333.905	2817.71
332.826	2817.18
331.747	2867.61
330.667	2802.22
329.587	2871.16
328.507	2928.49
327.427	2756.66
326.347	2709.86
325.267	2820.41
324.186	2792.12
323.105	2791.59
322.024	2698.57
320.942	2723.49
319.861	2806.2
318.779	2703.98
317.697	2756.61
316.615	2696.03
315.533	2725.55
314.45	2803.55
313.367	2701.43
312.284	2767.87
311.201	2808.89
310.118	2739.13
309.034	2780.14
307.951	2846.51
306.867	2813.69
305.782	2854.66
304.698	2715.8
303.613	2731.42
302.529	2756.26
301.444	2739.61
300.358	2686.11
299.273	2724.75
298.187	2767.99
297.101	2765.17
296.015	2803.78
294.929	2731.9
293.843	2802.72
292.756	2792.99
291.669	2707.35
290.582	2796.53
289.495	2706.33
288.407	2726.51
287.32	2716.8
286.232	2700.2
285.144	2773.21
284.055	2733.64
282.967	2799.73
281.878	2790.01
280.789	2665.51
279.7	2740.75
278.611	2726.47
277.521	2673.17
276.432	2670.38
275.342	2644.64
274.252	2706.06
273.161	2627.59
272.071	2702.74
270.98	2803.08
269.889	2770.47
268.798	2797.43
267.706	2780.87
266.615	2663.54
265.523	2711.12
264.431	2934.97
263.339	2744.43
262.246	2888.09
261.154	2931.02
260.061	2921.31
258.968	2856.72
257.875	2888.19
256.781	2947.09
255.687	2928.24
254.594	2811.13
253.5	2776.32
252.405	2880.89
251.311	2928.31
250.216	2946.02
249.121	2822.17
248.026	2842.18
246.931	2960.33
245.835	2918.69
244.739	2861.1
243.644	2826.34
242.547	2887.38
241.451	2745.46
240.354	2874.89
239.258	2881.18
238.161	2768.96
237.064	2841.35
235.966	2877.26
234.869	2913.16
233.771	3056.08
232.673	3085.09
231.574	2893.29
230.476	2949.64
229.377	2924.05
228.279	2898.47
227.179	2934.32
226.08	2979.24
224.981	3062.81
223.881	2962.2
222.781	3020.73
221.681	3042.88
220.581	2953.7
219.48	2969.04
218.379	3038.88
217.278	3040.57
216.177	3114.92
215.076	3055.31
213.974	3068.35
212.873	3072.3
211.771	3087.6
210.668	3170.93
209.566	3242.9
208.463	3153.86
207.361	16169.8
206.258	3193.46
205.154	3244.97
204.051	3344.04
202.947	3225.61
201.843	3265.77
200.739	3233.44
199.635	3273.58
198.53	3397.45
197.426	3313.07
196.321	3328.28
195.216	3393.25
194.11	3333.8
193.005	3204.27
191.899	3418.44
190.793	3329.63
189.687	3453.3
188.58	3384.86
187.474	3424.88
186.367	3501.02
185.26	3536.49
184.153	3447.76
183.045	3553.2
181.938	3469.02
180.83	3601.49
179.722	3731.66
178.613	3604.63
177.505	3685.14
176.396	3783.65
175.287	3708.53
174.178	3734.87
173.069	3713.88
171.959	3929.48
170.849	3838.62
169.739	3891.94
168.629	3839.41
167.519	3982.77
166.408	3948.24
165.297	4087.03
164.186	4106.5
163.075	4042.72
161.964	4257.88
160.852	4189.61
159.74	4310.22
158.628	4257.7
157.516	4331.05
156.403	4518.99
155.29	4623.72
154.177	4746.38
153.064	4763.44
151.951	4906.24
150.837	4936.74
149.723	5034.56
148.609	5141.31
147.495	5418.55
146.381	5657.55
145.266	5483.77
144.151	5635.21
143.036	5943.53
141.921	5964.81
140.805	6093.65
139.69	6206.77
138.574	6398.25
137.458	6560.53
136.341	6604.07
135.225	6855.82
134.108	6865.7
132.991	7126.25
131.874	7026.43
130.756	7255.53
129.639	7269.8
128.521	7554.67
127.403	7638.2
126.284	7574.14
125.166	7742.56
124.047	7671.81
122.928	8106.03
121.809	8035.23
120.69	8082.83
119.57	8333.61
118.45	8452.58
117.33	8716.59
116.21	8813.12
115.09	8831.52
113.969	8994.91
112.848	8984.27
111.727	9107.43
110.606	9272.91
109.484	9235.47
108.363	9198.04
107.241	9265.36
106.119	9134.37
104.996	8923.24
103.874	8928.21
102.751	8819.62
101.628	8726.66
100.505	8569.19
