------------------------------------------------------------
 XX
------------------------------------------------------------
Time (ps), Stress (MPa)
                   0,       730.0280723925
                0.05,         556.31636067
                 0.1,        -195.19357431
                0.15,       -137.525200365
                 0.2,       327.3586517775
                0.25,         -114.3898455
                 0.3,       -303.513545685
                0.35,       180.8267734875
                 0.4,       141.5171925825
                0.45,       -293.671483665
                 0.5,         114.46016505
                0.55,       194.3397794625
                 0.6,      -298.5606479625
                0.65,       59.05289191725
                 0.7,         207.60288759
                0.75,      -122.6072320725
                 0.8,      -144.5981818575
                0.85,       67.79160777375
                 0.9,       18.94738084575
                0.95,      -161.0973977025
                   1,        -23.469751683
                1.05,        -112.74096351
                 1.1,        -102.41505435
                1.15,       -26.9760040095
                 1.2,         107.77348512
                1.25,       -43.2266047815
                 1.3,      -9.289386935325
                1.35,         52.661228844
                 1.4,      -25.07175971475
                1.45,         -149.9857233
                 1.5,       60.29229121125
                1.55,         63.339821958
                 1.6,        -63.837218277
                1.65,       134.2741168125
                 1.7,         72.218469666
                1.75,        146.925890685
                 1.8,        10.4834877735
                1.85,         58.021143012
                 1.9,       70.61161424625
                1.95,        -209.72888874
                   2,       -42.4844680575
                2.05,       180.8128311675
                 2.1,      -125.8016445525
                2.15,         8.0224640223
                 2.2,       40.14042462675
                2.25,       -87.3099752595
                 2.3,      -36.88325346825
                2.35,        -94.484780271
                 2.4,       124.7173454625
                2.45,        -126.43661793
                 2.5,       24.28569252375
                2.55,       153.7849143075
                 2.6,       16.92666852975
                2.65,       111.5459871225
                 2.7,       -42.5568505845
                2.75,      -25.13929485375
                 2.8,        32.4603858075
                2.85,      -56.55825420525
                 2.9,       -193.946932305
                2.95,        -39.345535068
                   3,      -21.00386493975
                3.05,       123.6110385825
                 3.1,        -50.075313519
                3.15,      -30.79594739025
                 3.2,         80.140317558
                3.25,       -100.922533047
                 3.3,      -78.51561475275
                3.35,         64.746119739
                 3.4,         30.809637411
                3.45,      -20.20083594375
                 3.5,        101.668755195
                3.55,       -103.137562395
                 3.6,       -283.922681175
                3.65,     -101.15457844275
                 3.7,       73.93184197875
                3.75,        -96.944947218
                 3.8,        -163.42915953
                3.85,        176.268111075
                 3.9,      -39.26379517725
                3.95,        2.57104790775
                   4,       -202.867382655
                4.05,         68.155474968
                 4.1,        12.9798439575
                4.15,       -266.269637025
                 4.2,       109.6659422775
                4.25,        145.109376615
                 4.3,       38.52564255225
                4.35,      101.21121911775
                 4.4,       -4.36725361065
                4.45,       14.32062398025
                 4.5,       212.9767906875
                4.55,        31.3447043385
                 4.6,         2.7215027658
                4.65,      -47.95016451225
                 4.7,        -65.363411904
                4.75,      -64.29846487575
                 4.8,      -159.9070316025
                4.85,       -74.0848336095
                 4.9,       64.43414918325
                4.95,        -47.864296641

------------------------------------------------------------
 YY
------------------------------------------------------------
Time (ps), Stress (MPa)
                   0,       840.9181726575
                0.05,       586.0288124775
                 0.1,       41.85935664225
                0.15,      -69.42201416325
                 0.2,       333.7680659775
                0.25,      -27.19146858225
                 0.3,       -240.540949845
                0.35,         172.94078046
                 0.4,          31.89358389
                0.45,      -211.4414940225
                 0.5,       55.30623386925
                0.55,          194.9343039
                 0.6,          -149.405739
                0.65,         24.860084697
                 0.7,        82.5331499895
                0.75,       67.99509471825
                 0.8,       -104.750980635
                0.85,       246.0571943025
                 0.9,       90.60380073675
                0.95,        -189.42518259
                   1,        142.348473015
                1.05,       14.98796056275
                 1.1,         5.3120275677
                1.15,       -101.982335805
                 1.2,        98.3193215445
                1.25,      -87.01087500525
                 1.3,      -77.20566894075
                1.35,       206.2262760075
                 1.4,        -80.633194782
                1.45,        -120.71264709
                 1.5,       -59.3162609235
                1.55,        14.2519914915
                 1.6,       -225.114015945
                1.65,      -80.55288965325
                 1.7,       13.23412613775
                1.75,         23.838882711
                 1.8,      -28.67449978575
                1.85,       108.5168965125
                 1.9,         77.552570277
                1.95,         23.259044319
                   2,      -1.910608619325
                2.05,      -29.74056037575
                 2.1,      -64.78251669225
                2.15,      -22.29678815175
                 2.2,        27.0545673615
                2.25,      -81.03397872675
                 2.3,         117.40329153
                2.35,      -39.49178655975
                 2.4,        -11.706300165
                2.45,        67.7991615525
                 2.5,      -14.50418232375
                2.55,       10.60388720475
                 2.6,      -2.873540219025
                2.65,          57.57886344
                 2.7,       44.15442868725
                2.75,        -106.76440971
                 2.8,       -26.6500009545
                2.85,       46.47154297275
                 2.9,      -77.12061876225
                2.95,       24.78887652675
                   3,       139.5616403475
                3.05,       65.48025888075
                 3.1,         38.814207033
                3.15,     -0.4047223157775
                 3.2,        208.896909165
                3.25,      -89.16813897075
                 3.3,       -54.4197384045
                3.35,         98.304011337
                 3.4,        -5.9478954423
                3.45,      -147.6268671675
                 3.5,       224.4558188775
                3.55,         94.179204336
                 3.6,       4.091714559975
                3.65,      -77.23882856025
                 3.7,        132.017538135
                3.75,      -24.37066772175
                 3.8,       -154.520280495
                3.85,        84.3999253125
                 3.9,      -161.5989159225
                3.95,         80.570555667
                   4,        24.1135038585
                4.05,       13.02311682525
                 4.1,       118.6980122475
                4.15,        -35.744412144
                 4.2,      -73.60755942225
                4.25,       -21.4256110005
                 4.3,       -245.608213095
                4.35,         164.61709383
                 4.4,       21.54667309725
                4.45,      -188.5171991325
                 4.5,       71.78910599175
                4.55,        34.2139527345
                 4.6,      -1.158437275275
                4.65,        -45.076967481
                 4.7,        -43.581398322
                4.75,         64.719532059
                 4.8,      -71.70644708325
                4.85,        0.38442875226
                 4.9,        -132.48341022
                4.95,      -6.628376005125

------------------------------------------------------------
 ZZ
------------------------------------------------------------
Time (ps), Stress (MPa)
                   0,         781.55263536
                0.05,         667.51852167
                 0.1,       -123.832383045
                0.15,       -163.272936645
                 0.2,        396.869172315
                0.25,         14.403194736
                 0.3,      -258.6097000725
                0.35,        273.736478925
                 0.4,         188.12226468
                0.45,      -176.9641631625
                 0.5,       33.56910320925
                0.55,       46.55731661175
                 0.6,       -274.563169335
                0.65,       -27.0977601825
                 0.7,        57.0867299415
                0.75,       112.8417514875
                 0.8,      -90.65616549675
                0.85,         114.09498975
                 0.9,      -27.48366961725
                0.95,       -110.002128495
                   1,       104.3562488325
                1.05,        -102.72454143
                 1.1,      -112.0513962225
                1.15,      -209.4908661825
                 1.2,         37.039082199
                1.25,         -30.71724117
                 1.3,      -166.9044347775
                1.35,       167.5542117375
                 1.4,         31.429033083
                1.45,      -162.5666102025
                 1.5,         103.57323963
                1.55,         30.857722203
                 1.6,      -148.5303821925
                1.65,      -52.90906878075
                 1.7,      -149.4812565225
                1.75,      -118.5342507825
                 1.8,       38.74328459925
                1.85,       -35.0541923235
                 1.9,        -28.841334438
                1.95,       47.29749978975
                   2,        99.3971682585
                2.05,       -50.7351034155
                 2.1,       3.432495528525
                2.15,       41.09630035875
                 2.2,       158.3414995575
                2.25,        -45.337652388
                 2.3,       68.48276789025
                2.35,         -57.27950886
                 2.4,         28.202200656
                2.45,       1.512388399725
                 2.5,         22.749136389
                2.55,      -62.36629642425
                 2.6,      -25.01816284275
                2.65,        177.367527855
                 2.7,       38.22871571925
                2.75,       -115.144088535
                 2.8,        -41.693377173
                2.85,       118.6302055575
                 2.9,        1.76405061945
                2.95,      -97.02918173025
                   3,       -39.4626931125
                3.05,          35.14583268
                 3.1,       -70.0602208215
                3.15,       82.10303651025
                 3.2,        -25.060805469
                3.25,      -131.2457152125
                 3.3,        -67.280282307
                3.35,      -77.30813891325
                 3.4,       14.63757871275
                3.45,       -125.156254965
                 3.5,       94.82700039225
                3.55,         15.191195208
                 3.6,      -19.32663829425
                3.65,      -1.683812061225
                 3.7,        -44.312117745
                3.75,        -23.783190438
                 3.8,      -118.1839094625
                3.85,        44.3279264715
                 3.9,         32.794075377
                3.95,       91.67745056925
                   4,        -180.82893171
                4.05,       205.7619237975
                 4.1,      -39.36931908525
                4.15,      -91.49207445525
                 4.2,        91.8795584805
                4.25,       -88.4788199295
                 4.3,       -39.6435339195
                4.35,         93.249012465
                 4.4,         107.72128248
                4.45,      -7.676766933675
                 4.5,       236.4469841475
                4.55,         47.943415254
                 4.6,         -23.13180849
                4.65,      -27.62632103175
                 4.7,       43.46741478975
                4.75,      -83.96478408675
                 4.8,       -111.988665915
                4.85,          7.707679266
                 4.9,       30.20388717675
                4.95,        53.0220370365

